000002
000003
000004
000005
000011
000014
000015
000017
000018
000019
000021
000022
000023
000025
000026
000029
000030
000039
000041
000043
000044
000046
000047
000048
000050
000051
000054
000055
000057
000058
000059
000062
000064
000070
000071
000072
000074
000075
000082
000084
000085
000087
000088
000089
000090
000091
000092
000093
000094
000095
000096
000097
000098
000101
000103
000107
000108
000109
000111
000113
000114
000115
000116
000118
000120
000125
000127
000129
000130
000131
000132
000134
000135
000136
000137
000138
000139
000140
000144
000146
000147
000148
000151
000154
000156
000157
000160
000162
000163
000165
000166
000167
000168
000169
000170
000172
000173
000176
000177
000178
000183
000184
000185
000186
000187
000189
000191
000192
000193
000198
000199
000203
000205
000207
000208
000209
000210
000211
000214
000219
000222
000223
000225
000231
000233
000234
000239
000241
000242
000243
000244
000246
000251
000252
000254
000256
000257
000259
000260
000262
000263
000267
000270
000275
000276
000280
000281
000282
000283
000284
000285
000287
000288
000292
000293
000294
000295
000296
000297
000300
000303
000304
000305
000307
000310
000312
000315
000318
000321
000322
000323
000326
000328
000332
000333
000336
000337
000339
000340
000344
000347
000348
000352
000353
000354
000355
000357
000359
000360
000362
000363
000365
000368
000369
000371
000372
000377
000378
000379
000380
000384
000386
000390
000393
000394
000396
000397
000400
000402
000404
000406
000412
000414
000415
000416
000419
000421
000424
000425
000426
000429
000431
000432
000433
000435
000436
000437
000438
000441
000442
000443
000444
000445
000448
000449
000451
000453
000454
000458
000459
000460
000462
000463
000465
000467
000468
000469
000472
000473
000474
000477
000479
000480
000482
000486
000488
000491
000492
000493
000495
000496
000498
000499
000500
000504
000506
000507
000510
000512
000516
000522
000525
000526
000528
000531
000532
000536
000539
000540
000541
000543
000545
000548
000549
000552
000553
000555
000557
000559
000562
000564
000565
000568
000570
000571
000572
000573
000574
000577
000586
000587
000588
000590
000594
000595
000596
000598
000599
000600
000605
000609
000614
000615
000616
000617
000619
000620
000622
000623
000626
000629
000631
000633
000634
000635
000640
000641
000645
000646
000648
000650
000652
000653
000654
000655
000656
000658
000659
000660
000663
000664
000665
000666
000670
000672
000673
000676
000679
000680
000682
000685
000687
000689
000692
000694
000695
000697
000698
000700
000701
000702
000703
000705
000707
000708
000710
000711
000713
000714
000716
000718
000721
000722
000725
000726
000727
000728
000729
000730
000732
000733
000734
000738
000740
000742
000744
000745
000749
000750
000752
000753
000754
000755
000756
000757
000761
000763
000764
000769
000771
000772
000774
000775
000776
000777
000783
000786
000788
000789
000791
000792
000793
000794
000795
000799
000801
000803
000807
000808
000809
000812
000814
000817
000818
000822
000823
000824
000825
000826
000828
000830
000831
000833
000834
000835
000837
000838
000839
000840
000844
000847
000848
000850
000851
000852
000858
000859
000861
000862
000865
000867
000868
000871
000874
000882
000883
000885
000889
000890
000894
000896
000897
000900
000904
000905
000906
000909
000910
000913
000914
000916
000920
000921
000922
000924
000928
000931
000934
000935
000936
000937
000938
000939
000941
000942
000944
000945
000947
000948
000950
000951
000952
000953
000956
000958
000959
000960
000964
000965
000966
000967
000968
000969
000973
000975
000976
000979
000980
000982
000985
000986
000992
000993
000999
001002
001003
001004
001005
001006
001009
001010
001013
001018
001020
001024
001025
001028
001029
001032
001038
001039
001043
001046
001047
001048
001049
001051
001053
001054
001055
001056
001057
001058
001061
001062
001064
001066
001067
001068
001071
001072
001075
001077
001078
001079
001080
001082
001083
001084
001086
001087
001089
001090
001091
001092
001094
001095
001097
001098
001100
001106
001107
001108
001109
001110
001111
001115
001116
001117
001120
001121
001125
001126
001127
001128
001132
001133
001135
001139
001142
001145
001147
001149
001152
001156
001160
001161
001163
001166
001167
001168
001169
001172
001179
001183
001185
001186
001190
001195
001202
001204
001205
001207
001208
001210
001211
001213
001214
001215
001217
001218
001224
001225
001228
001231
001234
001239
001243
001244
001245
001247
001248
001251
001253
001254
001255
001258
001261
001265
001268
001269
001270
001273
001276
001279
001280
001282
001284
001286
001293
001294
001295
001297
001298
001300
001301
001302
001303
001304
001305
001309
001312
001314
001315
001320
001322
001323
001324
001326
001327
001330
001331
001332
001334
001336
001337
001339
001340
001341
001343
001345
001346
001349
001350
001351
001352
001356
001361
001362
001363
001364
001366
001367
001368
001369
001374
001377
001379
001380
001381
001382
001384
001385
001387
001389
001392
001393
001394
001396
001397
001398
001400
001401
001402
001403
001404
001405
001406
001407
001408
001415
001416
001419
001420
001421
001422
001423
001424
001426
001430
001431
001437
001438
001439
001449
001454
001455
001456
001457
001458
001460
001462
001463
001464
001466
001468
001472
001473
001476
001478
001483
001485
001486
001487
001488
001489
001491
001492
001494
001495
001497
001498
001499
001501
001502
001503
001504
001506
001507
001508
001511
001513
001515
001516
001517
001518
001519
001521
001522
001523
001529
001531
001532
001533
001534
001536
001537
001538
001540
001541
001544
001546
001549
001550
001551
001554
001555
001556
001558
001560
001562
001565
001567
001568
001570
001571
001573
001576
001579
001580
001581
001582
001583
001584
001586
001590
001592
001593
001595
001600
001603
001605
001606
001608
001610
001612
001620
001621
001627
001629
001630
001631
001635
001638
001642
001643
001644
001645
001646
001647
001649
001654
001656
001658
001659
001660
001665
001666
001667
001668
001671
001676
001677
001680
001681
001682
001686
001689
001690
001691
001692
001693
001695
001697
001698
001699
001700
001705
001706
001707
001708
001709
001712
001714
001715
001716
001718
001721
001723
001727
001731
001732
001733
001735
001736
001737
001738
001742
001744
001745
001747
001750
001753
001754
001759
001760
001761
001763
001764
001765
001775
001777
001780
001781
001784
001785
001786
001787
001788
001789
001791
001792
001793
001794
001800
001803
001804
001808
001809
001812
001813
001815
001816
001817
001819
001820
001823
001825
001826
001829
001836
001837
001838
001841
001842
001843
001845
001846
001848
001850
001852
001858
001861
001863
001864
001865
001866
001868
001870
001871
001874
001879
001880
001882
001883
001888
001891
001893
001899
001901
001902
001903
001905
001908
001909
001910
001911
001912
001913
001915
001918
001919
001920
001924
001927
001929
001932
001933
001934
001936
001944
001945
001946
001947
001948
001949
001950
001951
001952
001954
001955
001957
001958
001959
001961
001962
001963
001967
001973
001974
001976
001978
001979
001980
001982
001983
001987
001989
001990
001993
001998
001999
002000
002001
002007
002008
002011
002012
002013
002014
002015
002016
002021
002022
002026
002028
002029
002031
002033
002040
002041
002044
002045
002047
002050
002051
002052
002056
002057
002058
002060
002061
002063
002065
002067
002068
002070
002079
002081
002082
002083
002088
002090
002091
002092
002094
002095
002103
002106
002110
002113
002115
002116
002117
002118
002119
002121
002122
002124
002125
002126
002129
002130
002132
002133
002135
002137
002138
002147
002153
002155
002156
002157
002158
002161
002162
002163
002165
002168
002169
002171
002174
002176
002179
002182
002183
002184
002185
002187
002190
002191
002193
002195
002196
002198
002199
002200
002201
002203
002204
002205
002207
002209
002214
002216
002217
002219
002220
002221
002227
002232
002239
002243
002246
002247
002249
002250
002254
002255
002257
002258
002260
002266
002267
002268
002270
002271
002275
002277
002278
002279
002281
002282
002283
002284
002285
002286
002287
002288
002289
002290
002293
002294
002295
002296
002297
002301
002302
002303
002304
002306
002307
002310
002312
002313
002315
002319
002322
002323
002324
002325
002326
002327
002330
002331
002334
002336
002337
002340
002342
002343
002345
002346
002348
002352
002353
002355
002356
002359
002360
002361
002367
002372
002374
002375
002376
002379
002383
002386
002387
002388
002390
002391
002392
002393
002394
002396
002401
002404
002405
002409
002410
002414
002415
002419
002422
002423
002424
002427
002428
002429
002430
002431
002432
002433
002434
002436
002437
002438
002441
002442
002443
002446
002451
002456
002457
002458
002459
002460
002464
002466
002467
002468
002472
002473
002474
002476
002479
002481
002488
002489
002490
002492
002494
002497
002498
002499
002501
002508
002509
002510
002513
002514
002516
002517
002519
002522
002523
002525
002526
002528
002529
002546
002547
002549
002550
002553
002554
002558
002560
002562
002563
002564
002567
002569
002570
002572
002573
002574
002577
002579
002581
002583
002586
002589
002590
002591
002592
002593
002595
002596
002598
002601
002602
002603
002607
002609
002613
002614
002615
002618
002620
002621
002622
002623
002625
002626
002627
002628
002630
002632
002634
002635
002640
002641
002642
002645
002646
002648
002650
002651
002652
002654
002655
002656
002658
002665
002666
002668
002669
002671
002672
002675
002678
002680
002681
002682
002683
002684
002687
002690
002693
002695
002697
002698
002701
002702
002703
002705
002706
002707
002709
002711
002713
002717
002720
002723
002724
002725
002727
002728
002733
002735
002739
002741
002745
002746
002747
002749
002750
002751
002754
002755
002756
002757
002758
002760
002761
002764
002765
002767
002772
002775
002777
002779
002780
002781
002782
002783
002786
002788
002794
002796
002799
002800
002801
002802
002803
002804
002809
002810
002812
002813
002817
002819
002821
002823
002824
002825
002827
002828
002829
002834
002835
002836
002838
002840
002841
002842
002843
002844
002845
002848
002849
002850
002851
002852
002853
002854
002855
002856
002857
002858
002860
002861
002870
002871
002879
002882
002885
002886
002887
002888
002890
002892
002893
002894
002896
002897
002902
002903
002906
002910
002912
002913
002915
002918
002925
002926
002927
002929
002931
002932
002934
002938
002942
002945
002948
002949
002950
002952
002956
002957
002959
002960
002963
002964
002966
002967
002968
002972
002974
002975
002976
002978
002979
002980
002983
002985
002986
002989
002991
002992
002993
002994
002995
002996
002999
003000
003002
003004
003005
003006
003011
003013
003014
003017
003020
003023
003025
003028
003029
003031
003033
003034
003035
003036
003038
003041
003044
003050
003052
003053
003054
003058
003060
003061
003062
003064
003069
003070
003071
003072
003073
003078
003080
003081
003082
003083
003087
003096
003099
003100
003106
003107
003108
003112
003115
003116
003117
003119
003120
003121
003124
003125
003127
003129
003130
003131
003132
003133
003136
003138
003145
003147
003151
003154
003156
003157
003160
003161
003163
003164
003165
003166
003167
003168
003169
003171
003172
003173
003176
003177
003181
003183
003185
003186
003187
003190
003194
003195
003196
003197
003200
003201
003202
003204
003205
003207
003210
003212
003217
003219
003221
003222
003223
003224
003226
003228
003230
003231
003232
003234
003235
003237
003239
003240
003243
003244
003245
003246
003248
003254
003256
003260
003262
003263
003265
003266
003267
003268
003272
003273
003274
003275
003276
003278
003280
003281
003284
003287
003290
003292
003293
003295
003296
003298
003299
003300
003301
003303
003304
003306
003307
003309
003312
003314
003325
003329
003331
003332
003334
003338
003339
003341
003342
003343
003347
003349
003350
003352
003356
003357
003358
003359
003360
003362
003365
003370
003371
003372
003374
003376
003378
003380
003383
003385
003386
003388
003391
003392
003394
003395
003397
003399
003400
003401
003402
003404
003405
003407
003412
003413
003415
003417
003418
003422
003424
003426
003427
003428
003429
003431
003433
003436
003437
003438
003439
003441
003444
003445
003448
003449
003451
003455
003456
003457
003460
003461
003462
003466
003467
003472
003473
003475
003476
003478
003479
003480
003483
003484
003485
003487
003488
003491
003492
003493
003494
003495
003496
003497
003498
003499
003500
003501
003503
003504
003506
003507
003510
003511
003512
003514
003516
003517
003519
003520
003521
003522
003528
003529
003530
003533
003534
003537
003540
003542
003543
003545
003549
003553
003554
003555
003557
003558
003561
003564
003566
003567
003568
003569
003570
003571
003573
003574
003578
003579
003580
003583
003584
003585
003587
003588
003589
003591
003593
003594
003595
003596
003598
003600
003601
003603
003604
003607
003608
003609
003610
003611
003612
003615
003617
003622
003624
003626
003627
003630
003633
003634
003635
003636
003638
003640
003641
003642
003643
003647
003650
003652
003658
003661
003663
003664
003667
003669
003673
003675
003677
003679
003680
003681
003682
003683
003684
003685
003687
003688
003689
003690
003691
003692
003696
003697
003702
003705
003706
003707
003708
003710
003713
003715
003718
003726
003727
003728
003730
003731
003732
003734
003736
003738
003739
003741
003743
003745
003746
003758
003759
003760
003764
003767
003768
003769
003770
003772
003774
003775
003779
003781
003782
003783
003784
003785
003786
003787
003788
003790
003794
003795
003796
003803
003807
003808
003809
003812
003813
003814
003815
003817
003820
003822
003823
003824
003825
003826
003828
003829
003830
003836
003838
003843
003848
003850
003851
003856
003857
003858
003860
003861
003862
003869
003872
003873
003874
003877
003879
003881
003882
003883
003884
003885
003886
003887
003889
003891
003892
003894
003896
003899
003902
003904
003907
003911
003914
003917
003918
003920
003924
003925
003928
003930
003932
003936
003937
003942
003943
003945
003946
003947
003948
003949
003950
003952
003955
003956
003958
003961
003962
003965
003968
003969
003970
003971
003973
003978
003980
003981
003984
003986
003988
003991
003993
003994
003996
003999
004002
004006
004007
004008
004010
004011
004013
004016
004017
004018
004021
004025
004026
004029
004032
004035
004036
004039
004045
004046
004047
004048
004049
004051
004052
004056
004057
004059
004060
004064
004065
004066
004067
004068
004069
004070
004072
004073
004075
004077
004078
004079
004080
004082
004085
004090
004092
004093
004094
004096
004099
004100
004101
004102
004104
004105
004106
004107
004110
004114
004115
004119
004122
004124
004126
004127
004128
004129
004130
004135
004139
004140
004141
004142
004145
004146
004151
004152
004153
004154
004159
004162
004163
004164
004165
004168
004170
004172
004174
004175
004179
004181
004185
004186
004191
004192
004193
004194
004196
004198
004199
004200
004201
004204
004206
004208
004210
004211
004212
004218
004220
004222
004223
004224
004226
004227
004228
004229
004230
004231
004232
004233
004234
004235
004236
004240
004241
004245
004246
004248
004250
004251
004253
004254
004256
004257
004262
004263
004265
004266
004269
004270
004272
004273
004275
004277
004278
004281
004282
004284
004285
004288
004291
004292
004293
004294
004298
004299
004301
004307
004309
004314
004315
004316
004322
004323
004324
004326
004329
004330
004331
004332
004333
004334
004335
004336
004338
004339
004340
004341
004343
004344
004345
004346
004347
004348
004349
004351
004352
004356
004359
004362
004364
004366
004367
004368
004371
004372
004373
004374
004376
004377
004379
004381
004386
004388
004389
004390
004391
004393
004394
004396
004397
004398
004404
004405
004408
004414
004416
004417
004422
004423
004425
004427
004430
004431
004432
004433
004434
004435
004436
004440
004441
004445
004447
004448
004449
004455
004456
004457
004458
004459
004460
004463
004464
004465
004467
004468
004470
004472
004473
004475
004479
004484
004489
004491
004498
004499
004500
004501
004502
004505
004507
004508
004509
004510
004513
004515
004519
004520
004521
004523
004524
004526
004528
004529
004531
004532
004535
004538
004539
004540
004541
004542
004543
004544
004545
004546
004548
004550
004551
004552
004556
004560
004563
004564
004565
004567
004569
004571
004578
004579
004581
004582
004586
004587
004590
004592
004594
004595
004596
004597
004599
004601
004603
004604
004608
004609
004611
004612
004616
004619
004622
004623
004624
004625
004629
004631
004632
004636
004640
004642
004643
004644
004647
004648
004654
004655
004657
004658
004660
004661
004663
004664
004666
004668
004670
004672
004673
004675
004677
004678
004681
004682
004683
004691
004695
004697
004698
004700
004703
004705
004707
004708
004711
004712
004713
004714
004716
004717
004724
004729
004731
004732
004736
004737
004742
004743
004745
004746
004750
004751
004756
004759
004760
004761
004764
004765
004766
004769
004770
004771
004773
004776
004778
004780
004783
004786
004787
004789
004790
004794
004797
004801
004802
004805
004807
004808
004810
004814
004815
004817
004818
004820
004824
004825
004828
004829
004831
004833
004836
004843
004846
004847
004850
004851
004854
004857
004858
004860
004861
004864
004867
004868
004869
004870
004873
004877
004879
004880
004881
004882
004883
004884
004886
004887
004889
004890
004891
004892
004894
004895
004897
004898
004899
004901
004903
004907
004913
004914
004915
004920
004923
004925
004926
004928
004931
004932
004934
004935
004938
004942
004943
004945
004947
004949
004953
004954
004955
004957
004960
004961
004962
004963
004964
004965
004966
004967
004968
004969
004973
004974
004977
004979
004980
004982
004985
004992
004995
004997
004998
004999
005000
005002
005003
005005
005008
005011
005012
005018
005019
005022
005024
005025
005026
005028
005031
005032
005033
005034
005036
005037
005038
005042
005044
005045
005046
005049
005055
005057
005059
005060
005061
005062
005066
005071
005072
005073
005074
005077
005079
005081
005082
005083
005085
005087
005089
005090
005092
005093
005098
005100
005103
005104
005106
005110
005112
005114
005118
005119
005120
005121
005124
005125
005127
005128
005129
005130
005131
005132
005135
005136
005137
005138
005140
005142
005145
005147
005148
005150
005155
005157
005158
005160
005161
005165
005166
005167
005168
005170
005174
005175
005176
005180
005181
005183
005187
005191
005192
005193
005196
005197
005198
005200
005202
005204
005207
005208
005210
005212
005214
005215
005217
005218
005220
005222
005223
005231
005232
005234
005238
005241
005243
005247
005250
005251
005253
005254
005255
005260
005261
005262
005265
005267
005268
005270
005271
005274
005275
005277
005278
005280
005281
005286
005288
005289
005294
005297
005302
005304
005307
005308
005309
005312
005314
005316
005320
005321
005323
005324
005325
005329
005330
005332
005334
005341
005342
005347
005348
005349
005351
005353
005355
005358
005360
005365
005366
005368
005371
005372
005374
005375
005379
005380
005381
005386
005388
005390
005391
005393
005394
005395
005398
005400
005406
005407
005408
005412
005414
005422
005423
005424
005426
005428
005429
005430
005432
005433
005434
005439
005440
005442
005444
005445
005446
005450
005451
005452
005455
005458
005460
005462
005464
005468
005470
005472
005473
005474
005475
005476
005481
005483
005487
005488
005489
005491
005492
005495
005496
005497
005499
005502
005503
005507
005508
005510
005515
005516
005519
005520
005521
005522
005525
005526
005527
005529
005531
005534
005536
005537
005538
005540
005542
005543
005544
005548
005550
005551
005554
005555
005556
005557
005558
005559
005562
005564
005566
005567
005569
005571
005574
005575
005576
005577
005579
005580
005581
005584
005586
005587
005588
005589
005590
005591
005592
005593
005594
005599
005600
005602
005603
005604
005606
005607
005608
005610
005612
005613
005619
005620
005622
005623
005624
005625
005627
005631
005633
005634
005638
005641
005642
005650
005655
005658
005662
005663
005664
005665
005666
005668
005669
005671
005672
005674
005675
005677
005678
005680
005681
005684
005685
005688
005692
005694
005695
005696
005697
005698
005701
005702
005703
005704
005707
005709
005710
005714
005718
005722
005724
005725
005727
005728
005729
005731
005733
005735
005736
005737
005738
005742
005743
005749
005751
005755
005761
005762
005763
005765
005767
005769
005770
005772
005773
005775
005776
005777
005779
005784
005785
005786
005790
005791
005792
005794
005797
005798
005802
005805
005806
005807
005808
005810
005813
005814
005815
005818
005819
005820
005821
005822
005823
005826
005828
005830
005831
005833
005834
005838
005841
005844
005845
005846
005848
005850
005851
005855
005857
005858
005860
005862
005864
005866
005867
005869
005871
005873
005875
005876
005879
005882
005885
005887
005890
005892
005894
005902
005903
005904
005906
005907
005908
005909
005910
005912
005913
005914
005918
005919
005921
005924
005926
005928
005930
005931
005933
005935
005936
005938
005939
005940
005941
005943
005944
005946
005948
005949
005952
005953
005956
005957
005960
005962
005964
005966
005967
005968
005969
005970
005972
005974
005975
005979
005980
005987
005988
005989
005993
005995
005996
005997
005999
006001
006002
006003
006010
006014
006017
006019
006020
006021
006022
006023
006025
006026
006027
006029
006030
006034
006038
006039
006041
006044
006046
006048
006050
006051
006053
006055
006056
006062
006066
006067
006069
006073
006074
006075
006076
006078
006083
006084
006085
006088
006089
006091
006094
006096
006098
006100
006102
006104
006105
006107
006108
006113
006114
006119
006121
006122
006123
006127
006128
006129
006134
006135
006136
006146
006147
006152
006156
006158
006161
006162
006163
006165
006166
006168
006169
006170
006171
006172
006174
006176
006180
006182
006185
006188
006190
006193
006195
006199
006206
006209
006210
006211
006212
006216
006217
006219
006221
006226
006228
006230
006232
006234
006236
006238
006239
006240
006242
006246
006251
006252
006253
006254
006255
006259
006261
006263
006264
006268
006270
006272
006273
006275
006276
006277
006283
006284
006285
006286
006288
006289
006292
006293
006294
006295
006296
006298
006300
006303
006304
006309
006314
006317
006320
006322
006325
006327
006328
006329
006330
006331
006332
006333
006334
006335
006336
006339
006341
006343
006344
006345
006347
006349
006352
006354
006357
006359
006363
006365
006371
006373
006374
006375
006376
006380
006381
006383
006387
006389
006390
006392
006393
006395
006398
006402
006403
006404
006407
006408
006410
006411
006412
006414
006415
006416
006417
006422
006423
006424
006429
006430
006431
006432
006434
006438
006440
006442
006443
006444
006449
006451
006452
006455
006457
006459
006460
006461
006462
006463
006467
006468
006470
006479
006480
006483
006484
006487
006488
006490
006491
006492
006493
006494
006495
006496
006499
006500
006501
006502
006503
006510
006511
006513
006514
006521
006522
006525
006528
006529
006532
006534
006539
006543
006544
006545
006553
006557
006558
006560
006561
006563
006566
006568
006569
006571
006573
006574
006577
006579
006580
006581
006582
006584
006588
006591
006592
006596
006597
006598
006600
006601
006602
006608
006609
006611
006612
006614
006616
006617
006618
006619
006620
006621
006625
006627
006628
006629
006631
006632
006633
006634
006635
006636
006638
006640
006644
006646
006650
006651
006653
006654
006657
006667
006668
006670
006672
006674
006677
006678
006680
006681
006684
006686
006693
006695
006697
006698
006699
006701
006704
006706
006708
006709
006715
006719
006721
006722
006723
006725
006727
006728
006729
006730
006735
006738
006740
006741
006744
006746
006749
006753
006755
006756
006757
006758
006759
006760
006762
006765
006766
006771
006772
006775
006779
006782
006783
006784
006786
006787
006793
006795
006796
006797
006800
006804
006809
006811
006813
006817
006818
006819
006820
006822
006824
006831
006832
006834
006837
006838
006839
006840
006841
006842
006848
006849
006850
006854
006855
006856
006859
006860
006861
006866
006867
006868
006869
006871
006872
006874
006875
006878
006881
006883
006884
006885
006887
006888
006889
006891
006892
006894
006896
006898
006900
006902
006903
006904
006906
006907
006909
006911
006913
006917
006918
006921
006922
006923
006924
006928
006930
006933
006939
006940
006942
006943
006945
006946
006948
006949
006950
006951
006952
006953
006958
006959
006960
006961
006962
006963
006965
006967
006968
006970
006975
006978
006980
006981
006984
006985
006986
006987
006988
006989
006991
006992
006994
007000
007004
007006
007010
007012
007013
007015
007018
007023
007024
007025
007027
007028
007030
007035
007037
007038
007040
007042
007043
007045
007046
007047
007048
007051
007053
007054
007055
007057
007059
007060
007061
007062
007063
007065
007066
007069
007070
007071
007072
007076
007077
007079
007080
007081
007084
007086
007087
007088
007090
007092
007095
007096
007097
007098
007099
007101
007104
007106
007110
007113
007114
007116
007118
007121
007123
007126
007127
007129
007130
007134
007138
007139
007143
007144
007146
007147
007148
007149
007151
007157
007158
007159
007160
007164
007165
007169
007170
007173
007176
007177
007179
007180
007182
007185
007186
007187
007188
007192
007194
007195
007196
007197
007200
007201
007202
007204
007207
007208
007209
007215
007218
007224
007226
007227
007228
007230
007231
007233
007234
007235
007237
007238
007239
007241
007242
007243
007244
007246
007251
007255
007259
007261
007265
007267
007269
007271
007272
007273
007275
007277
007278
007279
007282
007283
007288
007289
007290
007292
007293
007294
007295
007297
007298
007300
007301
007302
007303
007304
007306
007309
007310
007315
007316
007317
007322
007323
007325
007327
007328
007329
007330
007331
007332
007334
007341
007342
007343
007345
007346
007347
007352
007353
007355
007358
007361
007363
007364
007365
007366
007368
007369
007372
007377
007380
007382
007384
007386
007387
007388
007389
007394
007399
007400
007401
007404
007406
007408
007409
007410
007412
007414
007415
007419
007422
007427
007428
007429
007430
007433
007434
007438
007439
007440
007441
007442
007444
007445
007446
007447
007449
007450
007451
007453
007455
007458
007459
007460
007461
007462
007463
007466
007470
007476
007477
007478
007479
007480
